,P00533,P04626,P31749,P42336,P15056,Q16539
P00533,3.346964501597519,2.6876885862864923,2.5283731452059137,2.2338352446486054,2.208785344082633,1.8930767406499969
P04626,2.6876885862864923,3.3421746395165677,2.5743174383066405,2.3759080623463804,2.3380102950931794,1.9138984396265257
P31749,2.5283731452059137,2.5743174383066405,3.770281467885059,2.7694890186972168,2.4384690283354202,2.4569970202928446
P42336,2.2338352446486054,2.3759080623463804,2.7694890186972168,4.317067808437673,2.2564190270986835,2.1537051273900762
P15056,2.208785344082633,2.3380102950931794,2.4384690283354202,2.2564190270986835,2.9703125275303264,1.9666379674193593
Q16539,1.8930767406499969,1.9138984396265257,2.4569970202928446,2.1537051273900762,1.9666379674193593,3.739145374336966
